README for data set proteincom_sampled
Node labels were converted to integer values using this map:

Component 0:
	0	457
	1	255
	2	447
	3	42
	4	41
	5	92
	6	94
	7	521
	8	89
	9	348
	10	271
	11	246
	12	321
	13	488
	14	21
	15	272
	16	182
	17	288
	18	327
	19	409
	20	38
	21	487
	22	267
	23	110
	24	216
	25	313
	26	582
	27	379
	28	427
	29	181
	30	305
	31	309
	32	104
	33	79
	34	152
	35	15
	36	265
	37	211
	38	222
	39	23
	40	159
	41	176
	42	311
	43	16
	44	178
	45	192
	46	194
	47	217
	48	218
	49	71
	50	513
	51	346
	52	464
	53	538
	54	539
	55	48
	56	193
	57	621
	58	342
	59	398
	60	470
	61	245
	62	83
	63	131
	64	135
	65	374
	66	149
	67	66
	68	357
	69	148
	70	150
	71	545
	72	7
	73	485
	74	203
	75	34
	76	264
	77	151
	78	172
	79	96
	80	189
	81	29
	82	499
	83	212
	84	164
	85	18
	86	123
	87	329
	88	332
	89	118
	90	453
	91	551
	92	162
	93	175
	94	241
	95	209
	96	377
	97	393
	98	160
	99	219
	100	129
	101	17
	102	26
	103	394
	104	78
	105	170
	106	366
	107	154
	108	281
	109	195
	110	140
	111	243
	112	258
	113	84
	114	388
	115	223
	116	518
	117	378
	118	99
	119	537
	120	22
	121	98
	122	249
	123	220
	124	330
	125	155
	126	289
	127	80
	128	31
	129	0
	130	128
	131	205
	132	320
	133	280
	134	97
	135	70
	136	206
	137	168
	138	368
	139	14
	140	138
	141	4
	142	119
	143	5
	144	1
	145	101
	146	445
	147	215
	148	132
	149	130
	150	113
	151	43
	152	450
	153	471
	154	261
	155	293
	156	44
	157	9
	158	35
	159	76
	160	310
	161	69
	162	284
	163	373
	164	276
	165	312
	166	303
	167	91
	168	274
	169	115
	170	306
	171	227
	172	153
	173	207
	174	349
	175	497
	176	384
	177	569
	178	238
	179	343
	180	338
	181	429
	182	463
	183	65
	184	210
	185	461
	186	423
	187	455
	188	566
	189	116
	190	145
	191	580
	192	410
	193	324
	194	221
	195	307
	196	505
	197	658
	198	444
	199	541
	200	109
	201	163
	202	141
	203	200
	204	397
	205	174
	206	300
	207	112
	208	270
	209	107
	210	390
	211	412
	212	253
	213	75
	214	387
	215	278
	216	8
	217	74
	218	526
	219	304
	220	12
	221	201
	222	290
	223	254
	224	68
	225	171
	226	299
	227	481
	228	240
	229	133
	230	10
	231	173
	232	436
	233	19
	234	351
	235	285
	236	146
	237	11
	238	143
	239	462
	240	20
	241	147
	242	142
	243	625
	244	336
	245	345
	246	93
	247	90
	248	530
	249	407
	250	242
	251	282
	252	28
	253	542
	254	466
	255	439
	256	230
	257	3
	258	180
	259	251
	260	391
	261	165
	262	77
	263	204
	264	30
	265	296
	266	213
	267	235
	268	691
	269	381
	270	486
	271	50
	272	67
	273	353
	274	350
	275	122
	276	53
	277	247
	278	536
	279	421
	280	360
	281	405
	282	420
	283	95
	284	166
	285	547
	286	294
	287	491
	288	244
	289	36
	290	326
	291	554
	292	59
	293	302
	294	6
	295	40
	296	286
	297	331
	298	322
	299	177
	300	333
	301	601
	302	126
	303	635
	304	279
	305	425
	306	62
	307	196
	308	52
	309	493
	310	102
	311	401
	312	514
	313	443
	314	39
	315	308
	316	371
	317	134
	318	623
	319	532
	320	88
	321	55
	322	402
	323	451
	324	202
	325	315
	326	183
	327	2
	328	234
	329	358
	330	339
	331	283
	332	589
	333	190
	334	86
	335	248
	336	376
	337	277
	338	630
	339	433
	340	63
	341	73
	342	576
	343	364
	344	45
	345	389
	346	33
	347	106
	348	544
	349	60
	350	169
	351	61
	352	522
	353	236
	354	47
	355	120
	356	484
	357	500
	358	231
	359	495
	360	448
	361	103
	362	476
	363	57
	364	432
	365	431
	366	361
	367	359
	368	287
	369	564
	370	49
	371	482
	372	467
	373	225
	374	477
	375	301
	376	465
	377	559
	378	452
	379	422
	380	406
	381	56
	382	434
	383	13
	384	645
	385	531
	386	365
	387	344
	388	595
	389	340
	390	517
	391	400
	392	232
	393	297
	394	557
	395	105
	396	369
	397	273
	398	456
	399	525
	400	292
	401	459
	402	269
	403	646
	404	295
	405	355
	406	72
	407	199
	408	114
	409	362
	410	528
	411	334
	412	54
	413	46
	414	27
	415	367
	416	667
	417	111
	418	392
	419	573
	420	298
	421	634
	422	37
	423	508
	424	419
	425	260
	426	81
	427	187
	428	483
	429	100
	430	529
	431	25
	432	458
	433	117
	434	127
	435	460
	436	32
	437	121
	438	386
	439	268
	440	108
	441	233
	442	416
	443	553
	444	372
	445	375
	446	507
	447	524
	448	335
	449	139
	450	568
	451	266
	452	208
	453	446
	454	612
	455	125
	456	474
	457	124
	458	440
	459	198
	460	256
	461	404
	462	161
	463	426
	464	341
	465	197
	466	229
	467	480
	468	428
	469	570
	470	606
	471	137
	472	136
	473	611
	474	506
	475	158
	476	263
	477	156
	478	411
	479	599
	480	64
	481	144
	482	418
	483	413
	484	496
	485	226
	486	624
	487	550
	488	396
	489	417
	490	363
	491	250
	492	556
	493	399
	494	354
	495	577
	496	228
	497	435
	498	356
	499	575
	500	262
	501	318
	502	319
	503	558
	504	615
	505	385
	506	257
	507	543
	508	604
	509	489
	510	259
	511	617
	512	184
	513	561
	514	490
	515	572
	516	494
	517	441
	518	224
	519	511
	520	337
	521	468
	522	642
	523	239
	524	475
	525	662
	526	509
	527	596
	528	548
	529	523
	530	87
	531	516
	532	328
	533	533
	534	498
	535	593
	536	382
	537	291
	538	679
	539	58
	540	584
	541	24
	542	546
	543	579
	544	430
	545	622
	546	534
	547	549
	548	540
	549	473
	550	629
	551	438
	552	562
	553	620
	554	560
	555	616
	556	663
	557	179
	558	370
	559	323
	560	415
	561	603
	562	352
	563	598
	564	586
	565	157
	566	648
	567	647
	568	501
	569	636
	570	669
	571	424
	572	590
	573	437
	574	512
	575	275
	576	185
	577	520
	578	600
	579	314
	580	644
	581	670
	582	186
	583	700
	584	692
	585	347
	586	395
	587	618
	588	583
	589	479
	590	82
	591	619
	592	252
	593	567
	594	478
	595	502
	596	592
	597	587
	598	628
	599	380
	600	627
	601	613
	602	661
	603	552
	604	685
	605	85
	606	515
	607	581
	608	626
	609	649
	610	689
	611	504
	612	641
	613	585
	614	237
	615	214
	616	591
	617	654
	618	632
	619	316
	620	687
	621	610



