0
1
2
3
2
4
5
0
1
6
7
4
8
9
10
11
12
13
14
15
16
17
18
19
20
21
22
19
23
24
25
26
27
27
28
29
30
31
32
33
34
35
36
37
38
39
40
41
42
43
44
45
42
45
46
47
47
48
18
49
42
50
51
52
53
54
55
56
56
55
57
2
57
58
59
60
61
58
62
45
56
9
46
47
63
45
64
2
65
66
67
68
69
70
71
72
73
43
74
75
76
77
78
79
74
80
81
82
83
84
85
86
15
12
87
88
89
90
91
92
93
94
43
95
96
97
98
94
99
19
43
3
100
101
102
103
104
105
106
107
108
31
4
109
110
111
112
113
68
114
115
84
116
117
118
119
79
120
117
121
122
123
124
125
126
127
128
11
44
11
15
129
67
130
131
66
70
132
55
66
133
134
135
136
137
77
124
138
87
139
124
87
140
141
142
143
130
16
17
144
145
145
146
111
147
148
63
149
79
150
151
152
153
154
155
146
156
28
32
157
72
108
68
158
159
160
161
162
73
163
43
31
164
165
129
166
167
168
169
145
51
170
39
43
171
172
32
149
151
173
174
175
176
177
58
178
179
58
180
181
79
113
32
13
156
182
142
183
43
125
184
166
185
186
52
6
5
187
188
6
189
5
190
191
192
115
193
194
195
196
197
198
136
180
199
99
200
162
201
202
203
204
184
205
206
207
208
209
210
43
200
207
211
162
86
212
213
145
214
97
108
215
216
217
206
201
218
218
142
219
43
72
220
221
222
223
224
99
104
217
184
225
226
227
142
228
109
229
230
23
231
232
213
88
16
230
233
79
234
235
236
237
83
238
239
42
240
241
242
68
235
167
243
244
245
246
247
72
248
249
116
250
111
3
251
116
58
58
136
252
179
60
253
60
61
254
72
255
256
213
257
257
64
258
259
255
260
34
12
0
261
100
262
164
43
263
75
264
265
266
68
45
195
36
22
167
46
267
64
110
100
117
80
268
111
260
119
269
270
271
272
273
136
274
275
151
276
216
277
59
278
153
157
271
279
59
280
281
115
79
119
120
119
282
83
79
19
283
284
151
285
286
287
288
237
111
189
3
289
127
150
290
291
97
292
79
23
227
43
212
76
293
96
82
101
228
83
157
280
272
294
143
295
143
36
296
89
222
242
217
266
265
297
43
173
298
299
293
142
215
102
150
38
88
300
203
55
272
301
302
54
303
258
304
40
305
306
307
25
41
308
309
43
169
310
265
311
216
312
246
209
313
314
30
315
131
34
211
123
15
316
56
63
64
136
317
46
114
264
98
318
55
319
308
275
15
65
320
321
115
322
210
323
324
325
118
6
273
326
294
232
272
327
144
72
168
106
328
30
43
31
329
330
293
222
76
217
331
61
145
332
333
90
334
229
190
142
333
183
335
4
154
336
333
151
156
5
155
32
68
261
265
226
92
43
105
337
164
49
338
88
336
87
162
292
339
340
341
342
151
153
343
344
345
280
283
155
160
86
171
346
166
169
347
72
102
348
349
329
350
68
351
252
88
43
39
352
75
74
353
179
309
147
127
180
212
160
55
354
354
157
55
355
356
55
179
357
309
358
57
17
359
43
360
85
361
34
32
264
362
282
3
132
116
116
292
120
363
306
72
164
12
364
365
366
333
367
67
164
367
368
144
302
78
55
369
204
49
57
370
157
164
343
356
371
55
153
280
68
204
162
55
176
321
354
207
320
131
181
85
112
108
372
373
43
62
36
310
374
373
0
190
254
256
375
376
377
207
176
378
379
204
204
97
170
176
202
209
380
204
339
341
381
382
231
321
111
320
170
108
383
143
293
43
266
172
83
292
19
342
290
167
189
358
55
64
309
384
128
385
49
100
354
386
265
43
361
387
223
73
29
88
388
196
389
193
194
390
391
55
308
392
313
355
270
393
394
395
23
333
136
396
386
29
358
299
272
141
189
164
397
290
69
79
398
150
234
11
399
128
400
401
308
15
402
403
49
10
404
405
235
155
164
43
185
104
260
406
262
407
314
339
209
114
209
162
380
200
282
133
361
408
209
209
189
235
11
356
69
255
55
15
72
409
382
381
321
89
55
410
411
321
412
413
210
6
5
3
295
187
4
9
172
346
85
13
414
211
43
350
360
183
124
11
44
89
145
144
99
213
224
208
164
323
415
397
416
34
133
133
171
125
417
418
295
43
25
166
419
222
420
86
83
265
421
422
20
423
100
18
196
230
387
100
424
179
292
325
282
267
342
118
425
282
385
325
209
110
202
200
380
205
426
210
299
273
167
427
326
6
324
397
326
235
93
428
243
167
247
427
247
375
16
429
17
430
272
108
42
126
43
387
11
310
215
160
103
431
102
124
38
402
432
201
136
126
433
34
171
213
43
415
396
257
409
72
327
244
142
415
297
276
130
402
54
351
413
55
434
65
308
435
354
434
20
68
355
362
315
37
43
436
31
437
438
127
51
179
136
105
203
225
43
139
221
314
145
38
37
439
440
360
150
85
32
142
272
441
367
297
109
72
216
214
99
442
245
358
233
387
230
308
358
29
253
393
61
23
60
145
16
44
29
299
11
10
29
275
240
88
15
89
299
12
331
362
172
43
30
202
65
380
310
351
209
31
131
139
265
240
338
49
42
33
48
203
407
155
326
77
433
55
216
131
69
443
411
313
276
308
233
164
237
233
444
49
163
72
65
445
49
308
111
208
230
336
96
212
117
36
262
110
182
231
293
94
222
355
100
407
211
43
446
300
348
221
386
298
349
65
234
447
208
351
55
88
99
358
89
448
15
214
354
100
77
15
137
164
72
449
164
255
203
255
144
260
367
386
248
127
291
271
10
89
52
376
340
450
254
11
344
151
72
69
334
365
66
381
322
321
317
231
95
451
43
219
112
41
360
40
452
131
207
217
167
427
453
141
235
418
295
43
85
293
406
81
259
203
383
225
391
139
31
310
370
157
164
343
356
371
55
153
280
68
23
418
241
125
393
454
325
381
289
79
413
237
325
455
456
457
458
241
459
460
111
461
292
79
371
77
83
290
72
111
250
251
117
260
317
440
229
35
76
462
106
185
211
206
463
15
43
217
311
172
142
179
58
387
179
252
189
58
361
464
434
464
16
88
465
301
327
72
272
208
270
109
224
65
294
167
235
143
234
208
208
144
141
307
466
140
467
468
216
244
272
235
214
79
83
469
79
13
298
300
70
60
66
9
6
187
253
5
179
470
470
107
177
180
228
55
410
54
227
302
396
272
272
429
469
234
140
83
258
272
79
449
183
144
385
234
387
102
28
332
387
189
204
330
207
43
275
471
264
34
328
472
13
473
115
74
237
189
75
43
34
158
474
475
476
206
184
43
83
406
333
79
96
226
172
225
477
217
75
98
139
478
153
280
292
79
100
77
343
80
137
479
168
375
109
480
480
365
308
164
260
72
111
327
461
409
210
34
201
262
362
209
73
222
126
83
462
205
43
257
270
68
364
10
164
12
45
216
370
145
47
337
48
164
312
481
214
59
167
7
1
4
9
4
5
9
103
97
13
158
36
88
186
374
76
86
262
43
361
350
451
207
261
406
266
102
171
43
113
316
103
52
414
219
462
159
222
220
372
13
261
186
42
391
261
31
314
36
43
165
414
85
55
172
69
267
128
38
42
70
71
66
240
213
43
34
308
97
128
462
184
125
11
275
108
401
226
99
3
292
121
79
482
482
363
79
483
272
157
356
164
49
280
68
128
69
244
467
66
3
9
208
143
253
27
466
23
90
86
90
279
151
64
46
136
235
308
484
485
7
9
198
373
486
328
30
43
31
329
330
293
222
76
217
331
377
450
254
333
375
487
488
192
125
110
235
251
25
68
244
164
214
367
72
398
194
355
489
23
227
192
260
72
111
327
461
409
333
480
393
395
135
382
455
396
490
164
23
211
210
209
408
110
202
107
112
470
491
470
328
8
247
167
5
246
6
210
121
214
272
358
151
183
189
121
176
379
204
207
378
162
301
272
157
429
281
244
491
324
155
343
405
152
270
23
410
16
272
130
492
55
216
434
66
57
356
463
171
22
75
295
36
311
43
295
406
211
310
432
104
28
265
465
44
17
401
430
16
16
65
190
308
358
164
298
366
214
255
125
235
418
224
107
330
189
328
150
493
145
356
409
33
307
494
255
327
143
164
241
367
260
327
72
257
72
272
244
144
213
168
354
316
183
385
167
56
427
386
100
55
195
428
390
8
196
197
324
77
343
137
405
433
155
11
374
219
101
115
30
104
169
150
43
271
433
275
145
34
15
390
195
495
136
196
464
198
428
486
220
171
104
324
189
415
373
282
360
266
102
43
383
317
165
406
452
261
94
496
439
43
82
497
123
182
279
173
498
488
133
0
315
265
110
499
121
43
355
273
166
32
59
20
383
134
171
314
500
266
98
43
462
158
261
19
292
111
363
363
482
231
231
260
155
426
153
292
111
371
2
1
9
66
5
210
6
188
6
217
89
392
99
55
142
68
43
161
125
406
182
261
405
153
152
205
172
155
307
190
109
418
143
235
142
66
501
502
72
217
135
407
132
354
61
15
12
70
142
217
55
69
298
115
100
100
449
221
110
385
286
196
503
20
241
51
42
6
202
306
296
209
188
209
189
329
43
162
504
123
205
504
182
209
417
158
261
380
99
505
418
241
136
127
498
162
506
341
339
507
252
204
209
485
296
312
195
18
197
313
296
55
45
303
356
508
327
355
281
182
272
307
190
109
418
143
235
142
18
140
48
449
447
481
143
142
212
353
106
307
217
272
396
23
355
182
295
215
130
393
415
54
237
358
387
434
179
98
177
24
465
23
258
16
230
264
401
264
234
142
509
261
102
125
245
234
43
352
510
255
72
407
297
452
511
324
259
417
55
186
295
235
127
2
6
5
484
9
9
159
496
347
426
455
43
512
13
160
203
23
360
265
108
117
75
326
88
393
90
489
401
455
133
457
438
119
23
456
2
187
5
56
6
513
358
142
100
449
271
258
61
229
109
99
183
106
221
476
351
349
514
333
474
337
329
43
203
95
40
406
367
360
164
184
75
37
112
164
183
367
396
208
366
261
36
515
329
215
23
41
43
103
34
93
75
206
32
436
358
375
507
508
171
206
43
165
167
103
281
214
221
498
329
189
181
230
516
235
378
283
142
151
176
271
402
87
12
88
15
397
482
514
145
99
333
321
43
225
36
360
261
226
165
383
295
491
51
67
294
517
324
186
43
491
105
451
261
68
498
406
32
43
436
160
142
182
81
333
207
297
95
490
414
314
166
112
348
237
83
85
482
86
292
125
206
79
329
518
120
234
289
81
235
43
207
79
150
204
335
189
43
198
406
215
28
108
484
463
373
0
198
485
127
135
77
333
203
519
115
189
455
295
183
133
164
456
520
280
361
95
201
35
490
261
160
42
331
43
221
329
453
151
136
241
230
238
418
174
521
505
207
475
181
76
11
204
302
31
217
169
49
386
522
43
195
196
486
198
179
252
516
485
373
178
29
523
194
189
358
391
293
43
78
160
328
476
314
68
12
72
365
88
396
157
164
235
15
183
195
115
392
55
304
123
275
69
294
272
244
72
163
294
68
366
157
512
106
195
18
428
302
326
512
247
204
488
99
235
109
208
19
167
155
407
433
404
155
343
476
280
328
331
43
225
41
104
105
386
160
41
34
233
203
171
75
41
308
309
43
169
310
265
311
216
312
246
209
313
314
30
315
131
34
211
123
15
224
402
308
72
366
255
29
310
518
524
112
37
333
223
82
451
108
43
462
136
440
68
75
215
161
225
23
72
272
172
365
164
394
327
260
372
43
159
95
525
496
103
52
431
108
444
101
49
452
76
88
235
164
388
224
12
423
110
48
77
447
83
79
100
179
127
73
526
292
526
355
272
281
467
183
16
430
294
415
115
106
111
250
376
302
11
129
116
3
114
363
248
116
11
400
198
128
11
44
401
89
386
271
240
29
72
401
114
257
128
157
42
241
308
65
245
409
235
352
57
55
90
23
386
382
393
160
181
171
43
201
37
211
420
440
518
5
167
5
187
188
6
2
6
469
83
13
381
79
237
156
156
433
476
161
43
275
293
13
474
254
375
376
106
358
257
272
364
142
38
452
11
518
27
95
97
43
41
239
254
23
26
25
27
99
27
264
305
306
189
527
528
174
151
230
274
260
455
214
358
272
275
366
216
327
272
192
17
72
271
308
244
367
190
236
190
51
241
241
326
323
326
203
77
213
304
74
189
267
358
260
367
330
72
20
330
471
529
195
354
267
55
101
23
333
129
72
115
294
294
309
177
8
178
179
252
107
344
320
530
230
151
321
469
292
484
79
120
482
505
15
333
517
136
308
531
173
65
532
49
121
533
491
100
64
78
317
449
72
370
240
135
190
183
164
418
366
235
164
272
145
208
282
15
11
141
534
142
128
304
328
142
517
298
123
324
372
182
43
310
217
37
30
13
254
375
254
535
239
377
208
354
334
55
90
466
259
328
260
150
13
317
214
362
43
172
370
36
164
216
301
467
367
337
208
272
72
392
106
152
55
328
267
143
64
69
491
66
100
196
387
58
179
58
179
293
406
43
309
536
145
124
436
23
213
386
158
143
73
317
114
114
385
537
435
385
108
126
95
43
37
436
105
94
414
104
222
150
90
422
20
538
145
61
91
393
48
258
18
23
415
10
124
484
15
87
275
333
20
99
28
64
312
216
313
59
246
482
292
13
79
539
539
106
0
441
333
4
99
540
482
234
100
77
257
474
449
375
183
433
256
351
143
190
423
74
164
12
294
68
216
337
115
267
221
183
61
16
205
216
102
106
172
113
352
307
43
37
99
235
301
30
145
111
293
272
164
183
183
144
366
136
260
129
526
289
258
480
414
32
299
214
36
208
142
99
164
348
211
94
89
77
423
183
55
261
386
89
57
459
168
400
401
41
385
252
72
142
100
119
11
366
144
72
235
168
183
281
67
272
164
365
327
191
55
66
313
70
253
455
120
179
180
119
282
458
456
75
104
383
417
108
169
43
181
223
101
541
346
436
452
324
300
502
298
13
79
335
111
249
321
55
354
461
303
138
106
87
11
109
124
364
480
277
124
349
65
234
447
208
351
261
439
222
226
503
452
97
217
49
101
159
518
43
41
157
126
355
92
366
165
206
372
383
101
43
39
68
164
12
160
258
190
61
145
332
333
90
334
216
294
542
172
367
143
106
164
543
129
72
179
292
58
252
180
539
273
478
60
253
59
333
66
273
370
157
164
343
356
371
55
153
280
68
84
86
43
74
31
267
544
347
27
76
27
161
386
93
445
240
275
95
254
217
325
29
358
11
166
43
206
123
99
271
38
484
48
79
492
289
23
469
27
156
237
90
545
438
483
119
51
20
125
418
125
124
138
235
151
154
251
111
546
118
173
325
425
282
303
272
366
164
260
375
308
496
430
430
122
16
335
130
23
335
358
99
196
281
520
516
272
244
241
418
72
459
456
455
3
4
0
471
4
472
30
76
131
25
75
183
103
257
547
216
520
216
25
281
503
39
333
43
38
127
55
356
304
55
355
548
466
315
297
235
17
89
354
255
131
16
55
55
356
251
116
549
111
289
441
3
494
550
160
95
43
103
226
453
112
217
220
393
124
127
168
138
23
529
438
551
275
277
15
136
51
43
152
280
312
217
377
203
135
83
496
346
477
133
315
77
98
164
52
161
366
68
254
414
126
88
397
388
260
364
164
400
401
117
96
434
537
542
143
143
192
295
510
542
38
267
55
313
306
303
494
17
307
308
84
79
552
509
362
414
118
184
83
325
43
121
350
317
315
486
373
198
79
204
502
501
298
112
84
181
150
524
110
203
328
446
43
83
544
451
217
331
166
553
75
181
84
39
374
68
271
115
15
491
128
43
150
105
351
92
226
275
190
306
92
39
32
165
491
169
360
463
85
206
439
205
43
131
328
67
27
25
399
307
27
494
281
327
364
168
143
72
55
143
392
409
99
349
109
441
351
306
400
425
274
401
151
96
128
465
501
298
123
44
307
44
16
29
407
130
142
554
65
555
466
308
23
224
556
422
20
459
330
362
275
31
346
219
43
52
35
483
272
157
356
164
49
280
68
128
69
244
467
465
55
270
411
410
16
46
333
43
170
463
56
106
462
372
40
261
45
427
72
494
216
352
327
235
93
210
515
0
512
4
326
136
299
505
33
42
453
235
295
366
157
497
365
160
72
193
194
180
180
194
449
35
348
373
166
265
186
43
83
102
169
275
220
44
128
16
55
430
89
354
247
428
195
413
264
247
189
385
48
361
100
449
306
216
255
55
304
204
302
73
491
328
129
72
164
189
179
150
387
107
210
238
48
481
23
88
206
16
42
247
319
141
299
537
216
272
167
396
557
532
339
491
48
339
51
503
287
340
106
480
164
396
68
260
479
157
126
355
92
366
165
206
372
383
101
43
39
68
164
12
160
258
190
18
140
48
449
447
481
72
294
241
358
281
366
55
16
55
54
57
272
370
327
465
558
143
455
23
11
16
194
559
193
542
192
143
167
493
17
270
426
272
141
437
120
248
116
127
119
484
298
198
486
485
560
230
320
516
561
236
359
530
55
89
321
303
17
299
321
410
324
43
222
221
436
417
360
351
292
160
405
342
104
485
279
226
373
59
373
62
59
60
499
94
43
347
436
103
150
517
205
86
265
265
325
201
75
223
491
13
43
27
406
125
39
184
329
150
234
305
80
88
272
305
168
164
299
141
397
129
480
562
109
160
127
423
271
520
72
459
43
367
414
262
166
259
129
110
257
86
164
261
255
517
102
181
164
365
69
66
446
224
71
255
214
76
475
68
127
401
248
518
116
119
61
292
69
111
147
244
255
142
539
294
72
563
164
234
72
208
258
244
233
347
224
72
68
365
23
308
164
208
55
55
420
235
326
127
15
321
386
333
248
438
15
56
119
232
42
146
89
354
160
411
295
143
131
231
427
264
401
402
43
354
142
564
65
55
205
308
34
362
299
144
72
124
89
61
235
125
142
480
99
109
106
528
305
342
238
48
481
23
88
206
16
42
248
289
291
97
127
290
565
111
262
159
452
417
173
38
314
27
221
43
133
88
257
129
458
352
164
364
455
270
68
183
87
123
72
294
258
401
275
17
15
16
11
465
345
4
264
151
3
274
417
63
511
86
43
293
149
93
81
499
317
515
198
48
136
51
505
45
164
157
164
281
140
366
244
375
144
337
255
72
183
280
244
292
482
363
539
249
111
72
270
55
427
17
352
235
485
279
226
373
59
373
62
59
60
258
281
262
109
164
438
459
20
257
244
51
168
415
172
19
158
79
422
335
469
237
20
83
234
375
141
167
254
299
377
141
299
238
295
241
65
453
242
346
367
439
388
361
23
337
172
10
88
139
78
270
123
271
215
29
43
101
95
222
337
379
164
170
75
230
183
516
67
143
72
359
216
566
393
418
78
125
20
42
251
235
42
125
23
502
300
64
361
19
493
100
317
63
298
138
88
11
15
124
402
230
373
129
95
201
75
150
189
34
440
59
127
358
436
214
361
373
106
161
43
131
112
83
440
166
80
161
446
43
117
360
110
88
79
463
453
20
51
241
503
245
54
68
164
415
272
305
224
396
100
459
565
111
111
63
149
248
501
560
65
502
132
298
441
109
205
482
494
307
61
61
395
449
440
123
491
164
135
260
217
299
29
145
142
370
145
5
247
167
376
99
254
208
367
567
151
568
80
344
425
173
569
533
121
99
252
99
199
375
482
200
202
186
482
19
209
199
358
157
352
327
272
38
298
501
142
333
431
297
134
209
162
209
252
380
133
321
96
530
334
320
117
322
491
224
208
152
235
234
164
216
176
568
207
151
204
176
204
379
55
195
54
198
55
197
485
114
149
63
292
111
539
539
269
148
20
488
301
235
448
272
364
164
536
270
260
143
43
172
25
80
440
27
19
570
452
186
541
13
266
19
214
259
219
406
147
505
15
333
517
136
308
220
76
34
355
259
97
463
182
73
350
126
264
293
43
72
491
145
415
314
244
352
15
275
505
77
14
10
136
154
198
571
380
162
209
211
202
176
568
207
151
204
176
204
379
9
1
8
0
6
4
359
143
144
327
272
228
142
230
321
412
66
253
322
321
196
8
167
234
141
449
5
6
59
246
45
315
359
226
312
516
290
72
111
250
251
117
260
211
401
306
400
114
99
209
385
505
163
438
157
160
127
214
136
183
15
128
520
55
125
100
32
23
43
392
34
373
20
99
436
434
77
225
39
507
572
130
101
203
162
313
453
284
256
151
156
284
286
183
361
38
306
189
290
267
209
189
438
291
127
341
164
208
109
109
10
453
294
480
224
226
83
219
222
43
94
67
265
361
293
108
94
103
127
28
165
164
186
43
69
451
30
31
217
341
510
506
2
162
460
145
142
16
230
183
119
183
248
120
142
207
79
150
204
335
189
573
222
171
541
151
81
189
393
27
23
43
101
102
117
282
329
259
43
166
265
540
92
194
8
196
193
192
178
132
381
66
69
321
194
574
142
228
575
61
49
559
100
194
361
178
358
193
322
321
99
66
196
117
15
254
571
6
341
513
2
513
6
162
2
460
295
6
4
23
4
1
459
0
241
8
532
440
25
358
125
61
395
307
142
307
320
321
412
321
142
230
482
270
366
99
72
441
164
16
35
86
295
169
362
499
81
43
315
150
79
111
292
288
83
124
402
12
308
29
271
308
96
321
117
117
71
66
427
576
576
326
326
213
361
194
48
193
559
180
417
496
380
205
201
83
133
133
261
469
43
108
209
215
79
259
360
339
257
364
397
164
365
234
114
98
98
537
435
114
16
183
23
258
88
267
354
164
251
216
172
260
111
367
55
549
57
502
31
37
501
417
407
298
38
184
223
40
43
350
324
314
160
103
350
308
99
164
15
123
133
415
254
12
88
208
358
9
88
123
106
232
272
15
415
459
208
257
181
203
213
43
577
27
75
496
68
75
210
261
220
373
43
518
398
108
126
398
5
225
41
240
387
11
15
165
341
104
439
181
423
30
183
108
407
275
103
216
43
189
15
100
142
328
402
124
229
494
235
72
11
38
402
257
143
275
87
42
49
333
578
496
72
21
65
351
79
397
342
514
234
232
260
164
72
106
281
129
109
69
455
10
367
255
305
423
365
157
272
141
327
534
216
100
19
493
302
18
93
295
382
5
4
503
135
245
328
299
164
409
72
479
100
455
167
157
480
157
160
374
299
43
94
462
161
491
224
208
152
235
234
164
216
217
165
105
108
215
361
43
37
315
266
259
513
187
5
2
513
56
2
195
271
198
485
191
197
436
374
518
78
43
259
171
149
204
175
204
378
175
176
355
89
55
304
356
235
270
312
55
313
57
17
413
305
55
370
579
579
479
168
375
109
480
480
365
308
164
88
219
25
466
214
90
20
580
422
29
136
466
471
472
471
472
4
210
436
32
165
203
133
95
43
245
112
74
295
265
432
27
157
72
258
235
272
67
329
92
448
160
407
84
263
203
67
222
327
150
61
222
158
473
69
145
43
97
152
153
405
324
155
280
103
55
383
434
42
297
43
133
172
39
82
95
48
194
394
27
157
223
225
42
145
130
125
51
192
496
23
128
370
295
355
27
559
143
145
16
127
142
241
205
190
89
15
190
137
55
54
57
272
370
327
56
409
2
255
55
260
72
354
235
56
136
125
46
427
466
48
24
409
127
142
229
23
481
72
129
18
136
198
29
491
447
42
48
505
455
166
386
139
222
186
157
302
354
475
55
432
103
55
43
35
271
68
255
370
164
126
39
90
112
257
101
211
217
360
35
311
518
43
169
75
37
166
34
386
132
66
230
321
320
55
71
157
17
305
43
102
439
78
76
350
331
75
64
358
503
150
95
27
362
581
317
108
86
25
294
232
272
327
144
72
168
106
397
280
367
164
281
337
136
308
123
141
308
130
455
190
144
143
11
190
505
164
12
29
43
150
74
78
31
159
35
82
94
225
139
355
358
572
72
365
327
366
255
168
235
72
367
125
418
325
579
118
323
579
413
272
364
295
164
382
12
135
367
337
459
429
386
55
304
55
354
276
308
296
355
270
20
375
90
89
55
356
44
124
159
160
341
360
62
265
75
373
463
277
82
283
170
68
43
181
249
251
260
250
111
250
97
72
183
224
208
168
367
397
260
359
183
164
364
55
267
69
358
411
151
321
88
66
321
4
284
345
55
287
23
413
258
381
582
393
79
469
20
488
301
235
448
272
554
143
208
397
466
466
230
320
119
120
248
117
272
359
228
183
72
352
429
427
554
512
258
326
167
141
466
55
275
370
302
11
44
313
308
183
69
183
109
267
361
257
55
423
411
100
431
43
113
95
81
102
30
518
406
358
173
20
145
142
15
12
235
61
66
320
322
321
423
438
382
127
253
63
488
59
62
64
317
62
277
130
364
44
59
272
258
16
117
321
412
583
80
117
215
43
166
314
161
37
13
159
97
223
171
439
483
43
30
351
172
511
254
281
355
333
182
94
201
217
129
568
419
14
154
151
154
213
162
406
314
207
310
40
222
97
383
127
374
43
438
164
68
244
260
255
111
125
31
271
251
383
142
228
299
452
43
244
396
190
190
455
397
456
164
115
118
344
121
121
173
151
129
257
72
257
337
365
346
311
43
42
262
265
360
133
27
134
37
97
162
27
256
190
284
284
534
287
190
196
584
179
292
292
539
80
363
61
61
395
449
440
123
491
164
135
260
217
299
29
145
142
370
145
272
92
34
352
141
164
280
299
222
383
72
366
43
480
143
244
153
69
360
164
68
294
255
44
270
465
224
16
88
96
321
117
117
71
66
466
229
297
100
271
142
65
415
459
455
241
458
198
467
72
327
271
303
215
308
215
51
301
136
27
486
23
272
62
59
95
23
128
121
372
568
45
150
10
315
373
362
59
190
284
43
312
369
103
173
97
355
48
348
341
277
256
49
259
151
277
130
364
44
59
272
258
16
90
407
585
184
310
346
252
181
95
32
145
219
43
92
334
43
27
420
265
362
215
331
78
577
577
124
125
263
258
23
161
94
417
43
393
203
418
201
83
102
345
112
52
343
203
0
223
420
462
43
462
39
406
171
4
414
8
104
259
79
5
334
530
321
79
381
90
143
57
144
358
183
145
93
491
145
370
56
586
124
55
333
129
72
115
294
294
117
19
289
587
111
325
413
225
41
240
387
11
15
165
341
104
439
181
423
30
183
108
407
275
103
216
43
189
485
557
272
429
397
65
299
136
198
275
127
366
588
195
526
588
145
142
15
12
235
61
45
66
132
70
9
246
47
48
312
1
6
363
4
66
9
45
9
1
43
39
315
589
271
486
217
38
198
97
52
198
298
407
49
486
160
295
161
171
436
92
157
501
445
386
590
568
151
379
284
176
401
258
244
233
347
224
72
68
365
23
308
164
208
142
217
229
296
212
297
165
476
68
86
324
350
95
417
257
257
351
474
201
43
35
76
407
428
62
485
247
373
195
485
341
507
373
43
102
39
473
451
84
462
215
175
353
147
591
80
592
592
512
93
323
326
512
326
18
323
464
110
107
100
229
481
449
328
43
39
312
432
297
28
97
92
314
121
78
295
347
283
293
203
165
315
425
133
134
14
254
441
254
88
214
216
358
135
164
334
55
530
337
356
90
210
16
430
2
88
29
451
161
13
27
185
317
42
103
226
41
328
265
43
108
36
225
259
96
321
117
117
71
66
434
235
427
17
42
125
434
16
235
418
475
112
86
391
79
469
43
184
39
309
332
207
102
478
85
13
40
200
287
199
210
209
211
73
43
74
75
76
77
78
79
74
80
81
82
83
84
85
86
124
87
415
125
138
593
138
317
358
267
43
441
184
171
189
219
265
43
124
215
27
13
373
165
259
387
152
101
315
361
29
541
593
442
463
290
186
104
346
351
78
463
462
43
387
206
131
342
134
133
207
292
14
329
43
162
504
123
205
504
182
209
417
158
261
380
272
271
468
141
157
167
39
462
196
309
262
452
357
43
37
463
383
179
32
373
504
42
20
438
51
241
538
295
289
151
237
154
14
174
64
63
148
279
149
59
235
427
303
216
494
17
167
235
258
272
453
20
51
241
503
245
66
3
9
208
143
253
108
126
547
104
405
324
123
219
76
217
429
97
355
451
373
272
43
499
30
155
209
189
438
291
127
341
75
210
261
220
373
43
518
398
108
126
398
5
406
43
265
83
259
383
317
201
314
331
310
224
222
64
37
453
474
282
506
351
306
510
267
447
361
140
48
18
449
100
103
453
95
372
84
300
65
184
298
108
373
383
205
521
233
43
167
537
544
39
228
43
319
290
431
189
264
293
166
34
150
401
383
225
84
436
93
515
318
181
314
328
225
82
276
101
265
43
184
308
75
420
220
206
125
14
49
139
128
594
10
56
150
392
79
55
204
351
595
23
314
309
95
43
228
27
74
329
173
329
43
231
125
436
261
524
102
86
265
451
310
27
68
27
154
412
334
153
530
412
151
321
286
155
280
13
451
126
43
167
209
266
75
211
324
383
346
219
162
78
596
43
597
302
34
293
386
231
113
271
105
108
40
448
213
135
224
272
208
466
429
467
427
554
512
258
326
167
141
466
301
327
72
272
208
270
170
108
383
143
293
43
266
172
83
18
326
326
247
323
243
81
478
526
43
266
105
499
498
127
92
315
273
30
159
97
598
142
109
164
270
49
599
367
69
43
88
463
185
271
37
108
30
165
433
465
87
496
263
265
386
108
462
386
83
362
383
43
40
101
39
347
462
406
16
55
49
302
139
600
303
231
296
181
261
40
372
43
521
407
84
259
225
383
453
231
299
252
414
161
266
241
297
307
271
296
142
217
217
127
179
601
520
415
282
434
16
29
434
12
88
465
388
132
381
66
69
321
194
79
304
537
235
319
234
228
234
305
25
502
124
355
400
106
224
17
401
308
15
67
397
208
11
245
127
128
241
316
410
124
272
267
42
38
51
29
299
388
88
88
283
196
358
179
230
283
13
537
401
16
270
16
265
76
383
75
273
43
104
84
171
478
362
208
25
466
224
26
307
127
480
159
590
299
124
277
49
109
557
602
212
155
353
404
407
14
96
11
89
130
434
277
125
59
83
454
43
75
30
283
271
159
84
544
386
311
540
49
323
104
325
172
65
450
533
569
533
121
257
364
397
164
365
234
231
233
503
245
453
241
32
516
12
246
20
44
29
196
554
65
555
466
308
23
259
37
102
166
86
113
374
43
463
518
215
63
488
59
62
64
317
62
528
245
333
487
106
491
414
266
220
159
42
104
275
82
355
462
158
94
13
28
310
27
160
150
113
102
169
490
43
271
298
142
407
15
297
88
397
388
260
364
164
279
450
325
283
151
413
377
121
376
286
155
264
579
254
173
425
429
44
272
29
358
123
29
12
401
271
275
537
435
228
157
114
434
127
96
491
79
564
114
271
537
331
295
603
295
415
127
520
491
459
138
88
11
15
124
402
58
59
60
61
58
62
307
190
109
418
143
235
142
505
27
95
136
360
108
161
43
181
398
290
189
48
194
523
15
402
275
124
240
124
323
447
351
43
326
323
453
414
13
393
406
23
203
293
514
466
326
325
101
211
217
360
35
311
518
43
169
75
37
166
34
69
272
72
396
366
164
327
337
208
354
334
55
90
466
164
168
72
366
216
145
129
370
224
352
164
129
72
68
367
272
429
68
260
409
141
72
216
135
255
157
271
386
260
72
163
382
164
236
99
503
418
505
136
258
241
460
510
513
2
506
430
367
72
100
455
190
255
457
19
284
477
151
274
97
527
98
284
72
135
409
144
255
157
234
422
19
310
79
20
295
396
272
157
604
415
333
459
415
537
114
537
319
318
319
114
120
119
190
535
375
456
455
241
111
100
164
110
260
235
413
489
73
526
23
127
295
491
11
283
393
230
23
130
120
96
133
31
74
123
425
27
261
414
161
425
222
112
81
417
75
406
328
325
43
115
52
43
105
206
95
118
222
99
111
25
208
19
461
27
248
413
154
274
425
151
325
370
55
164
270
396
354
19
83
13
79
469
335
79
13
43
485
112
317
265
373
161
346
83
94
75
469
79
86
74
399
306
78
6
275
337
363
347
3
189
116
201
32
240
210
17
43
463
55
360
221
4
0
204
204
207
225
108
528
245
333
487
106
491
206
83
436
128
43
158
223
463
417
478
383
84
477
328
98
471
330
107
405
4
3
4
324
155
116
1
1
350
74
95
43
283
373
383
78
160
85
49
252
316
62
158
578
314
75
451
391
350
439
62
247
124
11
277
312
233
138
593
428
402
59
109
246
267
358
196
330
179
328
333
473
167
427
254
19
228
227
595
359
496
595
265
152
75
92
170
162
317
181
261
158
43
206
260
72
455
254
456
129
69
70
132
66
66
70
535
218
111
272
459
455
260
467
224
208
455
68
327
100
72
467
257
135
272
157
244
144
370
456
164
55
90
204
386
55
354
355
43
272
261
265
227
480
259
557
84
452
360
324
299
42
144
536
143
337
72
542
164
183
144
258
23
17
130
370
145
551
227
367
16
145
89
37
189
361
36
546
387
194
440
290
317
262
398
220
205
169
18
43
62
373
344
312
98
279
151
59
58
59
60
61
58
62
359
320
55
321
267
204
297
162
162
245
39
35
145
61
453
43
82
324
210
32
340
200
202
200
133
205
209
339
211
199
408
209
89
296
386
55
157
172
124
172
29
164
123
139
12
415
505
15
333
517
136
308
455
260
244
429
72
55
67
392
328
439
95
152
28
83
201
170
40
310
155
265
261
25
43
13
166
150
221
79
518
150
234
234
298
292
79
64
505
42
127
136
179
445
138
106
87
11
109
124
364
480
277
124
299
123
235
234
141
6
167
299
349
15
258
240
234
16
15
367
111
143
294
164
352
270
44
115
482
183
72
72
371
365
99
244
157
466
208
418
125
251
228
595
549
111
142
605
43
263
126
324
315
383
171
136
219
329
30
353
147
419
404
592
591
353
208
6
234
143
9
235
141
167
413
308
354
17
55
55
65
579
55
354
429
55
72
183
224
208
168
367
479
358
359
96
230
516
281
480
255
272
569
425
533
121
151
173
346
38
85
43
92
264
509
223
34
219
123
347
203
108
417
331
37
518
397
32
261
143
329
66
299
141
536
30
141
69
43
75
365
224
415
396
272
272
448
164
164
397
183
115
448
337
364
72
367
260
257
144
196
99
390
516
561
358
243
189
189
306
387
306
290
104
395
233
325
440
452
226
52
43
37
518
31
101
442
111
549
441
147
251
222
43
222
414
355
206
476
281
312
452
82
315
451
23
532
102
160
90
93
139
402
555
124
23
233
139
43
97
38
221
103
496
335
201
81
112
28
102
335
65
466
25
216
466
406
214
5
306
361
210
150
189
176
202
209
380
204
339
341
274
344
290
189
151
188
415
99
125
67
124
457
23
115
606
455
258
230
237
230
220
383
139
35
43
101
85
233
240
220
230
14
120
39
541
431
102
414
14
120
252
81
264
43
128
436
346
75
158
488
64
277
214
216
59
63
75
323
30
159
392
323
43
534
207
328
413
325
185
231
0
55
366
415
274
127
344
547
283
151
260
401
72
11
372
275
43
124
170
409
208
97
260
111
272
72
244
396
549
145
61
130
142
434
90
89
272
467
333
157
227
577
466
23
228
145
27
258
554
136
55
145
313
277
370
124
15
391
293
43
78
160
328
476
314
68
98
527
419
264
344
151
43
414
310
261
40
201
420
451
162
329
145
142
16
230
183
119
183
248
120
142
433
108
605
607
440
407
101
203
150
225
426
102
86
326
35
499
325
576
75
43
145
267
423
603
127
275
183
19
281
110
449
423
19
100
109
493
568
189
151
425
121
264
568
151
56
142
87
136
89
88
46
534
2
57
55
359
272
480
467
3
9
358
301
466
554
397
305
135
480
164
72
195
10
130
16
272
270
89
55
17
343
272
214
280
442
441
127
129
244
72
327
157
572
352
365
160
303
272
366
164
260
375
66
484
9
1
4
6
582
390
326
576
607
88
464
119
171
461
603
325
159
360
72
150
158
117
96
93
39
324
427
455
260
326
317
120
217
75
350
131
111
350
122
182
127
100
366
108
43
203
438
95
43
30
68
532
34
222
222
387
111
290
189
250
179
178
194
449
523
389
398
49
69
293
49
481
231
423
441
25
42
92
399
233
459
455
43
346
214
72
110
48
5
123
4
245
76
190
453
261
52
51
295
455
164
100
406
0
270
460
482
189
256
442
575
67
125
352
415
497
68
124
90
319
393
228
318
537
23
334
159
28
14
74
217
75
417
141
43
98
88
206
145
133
271
23
134
343
264
153
77
280
433
155
345
72
459
43
367
414
262
166
259
129
110
257
86
164
261
255
517
102
181
164
365
69
66
446
224
71
255
214
76
475
68
100
333
3
493
4
19
74
77
548
333
155
183
136
433
293
333
94
133
296
478
183
265
102
266
424
258
43
91
113
261
386
297
134
295
182
254
367
364
255
258
327
109
67
106
164
72
68
356
216
72
304
305
69
68
411
55
17
281
254
23
232
492
164
393
213
256
29
310
518
524
112
37
333
223
82
451
108
43
462
136
440
68
75
215
161
225
367
482
272
99
280
327
72
191
409
355
327
534
301
467
272
136
67
229
217
370
298
183
42
235
55
142
352
501
72
66
391
43
608
317
55
102
130
231
391
370
166
397
224
235
27
462
410
39
259
261
34
18
48
106
93
129
302
38
76
161
84
95
43
37
317
32
181
544
316
103
56
72
135
409
144
255
157
230
212
387
272
248
409
179
119
127
438
164
208
109
109
10
453
294
480
224
342
514
306
292
267
351
123
37
23
518
95
393
85
192
171
223
43
35
266
347
93
81
360
105
166
414
99
49
109
358
609
606
500
114
494
537
98
209
497
183
216
164
164
367
30
135
10
29
305
78
577
577
124
125
263
258
23
161
94
417
43
393
203
418
223
439
43
499
317
64
160
39
420
220
95
143
234
253
141
397
542
66
272
210
409
430
107
467
100
165
43
171
52
212
85
233
221
68
125
92
161
293
80
333
487
415
106
482
441
292
99
610
37
518
397
32
261
143
329
66
299
141
536
30
141
69
43
75
192
194
193
559
542
334
523
542
29
533
308
552
121
533
65
233
230
343
264
153
77
280
433
155
345
376
142
44
111
11
89
116
3
611
250
260
111
95
503
153
272
245
280
373
28
43
361
68
414
77
217
532
346
189
350
372
32
107
166
289
466
25
272
429
281
375
327
228
272
109
227
480
333
455
358
135
136
605
456
213
415
164
224
179
470
470
107
177
180
517
347
296
43
169
265
259
373
68
83
0
299
265
328
577
261
347
112
311
37
211
46
181
64
100
43
304
55
88
337
164
337
358
370
183
164
191
355
375
465
29
25
31
242
297
43
206
10
296
307
266
265
217
34
207
314
373
12
396
397
164
205
224
65
168
164
396
388
164
375
90
365
88
15
275
505
77
14
10
136
154
198
281
267
29
130
358
244
568
156
283
285
151
279
156
137
358
143
213
25
214
543
205
6
65
75
466
167
208
251
116
549
111
289
441
3
494
550
31
43
37
518
406
407
259
166
296
331
97
297
265
105
215
346
6
70
71
66
9
1
164
168
72
260
80
480
370
10
257
326
464
507
323
33
213
426
168
294
164
29
10
339
365
566
162
234
106
208
51
51
48
20
143
162
292
339
340
341
342
411
55
111
189
302
250
302
534
106
231
290
231
528
111
250
364
19
510
450
295
133
133
460
135
254
143
234
253
141
397
542
66
172
108
360
259
182
28
217
293
414
350
43
129
316
168
244
127
208
164
172
143
459
224
234
397
172
230
158
37
473
576
333
317
143
329
225
499
181
43
87
124
102
29
75
314
27
293
94
477
478
265
263
452
98
217
165
315
261
43
27
386
89
13
230
16
434
434
366
144
72
235
168
183
281
67
272
164
365
327
20
82
612
49
459
535
44
16
89
448
29
359
55
415
532
164
72
466
129
99
397
415
25
224
270
352
270
106
483
272
157
356
164
49
280
68
128
69
244
467
422
289
32
51
20
287
215
383
490
362
358
414
43
169
43
297
425
261
113
52
83
417
325
347
23
166
184
23
231
232
213
88
16
176
151
156
234
79
264
89
11
10
128
17
429
294
164
72
413
128
455
240
16
275
258
260
15
55
44
44
181
79
113
32
13
156
182
142
183
43
125
184
166
185
186
52
304
55
88
337
164
337
358
370
183
164
191
355
375
465
192
478
25
358
194
193
20
11
18
52
13
142
613
215
220
233
361
270
99
97
432
235
173
122
182
16
230
263
217
270
215
82
43
84
376
89
254
308
142
11
229
43
565
220
225
299
207
481
23
385
529
100
100
267
64
471
330
48
523
361
502
501
298
194
178
132
73
43
74
75
76
77
78
79
74
80
81
82
83
84
85
86
396
260
366
364
370
164
172
354
191
66
55
160
322
157
321
381
189
0
4
188
5
5
5
7
2
6
1
9
415
69
164
68
135
133
164
255
216
260
123
72
365
164
572
144
168
373
62
59
62
100
10
271
373
64
198
418
365
136
272
241
239
568
151
164
572
367
192
25
334
178
52
530
398
194
90
293
265
43
362
41
483
166
414
344
151
72
69
334
365
66
381
322
321
146
111
251
441
56
97
234
100
77
257
474
449
375
183
433
256
351
143
190
423
74
134
415
164
168
143
438
257
375
14
72
352
260
123
257
10
208
109
51
425
325
151
344
118
425
413
48
1
9
4
0
93
472
18
45
355
425
136
151
162
358
406
505
383
225
13
372
360
173
414
161
29
264
527
43
286
233
212
40
85
43
350
108
262
350
68
105
217
263
276
166
141
439
401
165
518
127
536
248
452
169
308
181
304
440
603
43
68
275
443
143
136
164
329
30
84
43
166
335
406
162
81
184
104
126
323
426
512
323
326
427
453
89
44
11
16
130
11
586
258
469
79
237
23
455
234
246
243
167
247
428
247
167
375
254
282
376
281
508
371
353
614
147
80
117
23
389
608
194
193
192
276
308
523
391
3
0
472
4
1
363
312
246
312
247
247
313
366
214
415
260
164
396
164
136
15
66
12
69
71
418
402
432
201
136
126
433
34
171
213
43
366
12
280
480
305
157
164
162
162
462
43
406
166
476
207
28
160
95
169
351
96
499
207
117
149
33
51
125
51
42
418
370
88
135
365
164
270
546
586
338
49
136
179
111
392
55
251
615
147
52
75
310
414
49
225
386
43
609
452
210
484
422
535
616
20
241
459
227
433
155
389
13
496
155
391
84
0
430
405
206
426
608
102
16
376
2
40
43
11
145
152
509
491
503
324
355
85
261
393
90
466
209
142
162
217
23
145
109
160
127
423
271
520
370
90
54
354
145
55
158
406
431
105
41
233
275
347
346
43
84
101
81
272
15
364
216
136
198
321
365
72
168
123
42
396
255
245
164
95
229
190
142
333
183
335
198
99
136
195
196
8
486
181
85
112
108
372
373
43
62
36
310
374
373
0
79
510
135
189
77
358
150
292
282
295
304
469
363
203
161
205
348
43
293
27
499
34
173
219
75
108
198
65
208
45
533
111
205
251
82
617
136
271
103
520
112
76
43
217
37
240
161
348
127
259
564
15
128
127
165
440
104
210
5
18
4
93
341
2
55
216
534
25
192
89
23
599
406
90
410
88
235
164
388
224
12
54
267
272
441
358
235
360
293
34
84
544
32
406
261
37
43
93
49
234
609
208
577
65
223
439
43
499
317
64
160
39
420
220
95
568
189
151
425
121
264
568
151
496
329
245
386
102
43
589
192
618
272
194
596
271
559
233
219
49
221
27
326
582
272
23
203
124
468
77
27
10
15
128
89
44
88
128
11
115
559
80
274
14
151
98
127
423
164
260
164
129
72
617
168
396
355
224
397
272
208
264
345
274
230
527
151
536
277
542
130
66
143
71
460
29
533
308
552
121
533
65
233
230
145
356
409
33
307
494
255
327
143
164
241
367
260
327
72
257
72
272
244
144
213
168
357
100
179
386
110
446
440
518
141
387
395
39
43
309
275
0
325
275
12
29
10
128
12
15
402
303
23
145
144
42
393
55
179
423
361
100
60
80
58
221
100
204
55
216
410
272
364
375
294
214
164
55
191
131
72
144
355
23
95
43
72
355
347
568
67
257
228
595
75
451
245
329
417
37
90
156
568
382
23
286
42
79
135
156
151
88
99
258
244
164
299
123
129
127
15
6
167
5
188
6
5
210
479
358
359
96
230
516
281
480
255
272
523
480
23
164
163
307
258
109
157
203
510
506
326
323
77
582
326
377
376
133
254
254
239
133
241
82
19
20
19
100
210
545
462
452
261
13
507
324
92
518
33
42
215
104
186
184
49
32
160
341
86
235
43
283
284
151
285
286
287
210
512
495
326
323
390
495
464
390
464
115
190
183
19
423
100
382
585
402
124
15
438
321
334
127
325
123
13
136
452
619
207
23
184
34
101
414
18
221
93
230
264
43
406
235
29
418
224
65
616
397
459
20
219
34
327
72
127
414
43
83
275
605
262
271
129
203
451
74
328
43
473
471
102
387
386
68
160
529
159
330
219
451
439
92
244
69
72
365
129
308
271
105
123
131
439
43
89
40
15
358
16
335
535
281
436
13
527
117
412
286
382
151
321
55
267
183
354
396
272
3
9
9
6
7
47
45
1
364
135
493
88
272
280
72
270
164
244
18
244
100
151
292
189
234
13
19
174
298
156
527
79
620
80
548
518
181
170
406
347
113
361
159
75
171
123
98
74
68
34
264
496
43
174
151
527
97
621
279
256
426
213
323
326
213
203
136
77
136
506
510
505
418
143
57
144
358
183
145
93
491
145
370
56
586
124
55
145
370
93
491
61
130
131
168
587
294
72
234
111
97
321
382
449
208
260
224
164
367
68
142
396
260
